+18470285997
+14194701177
+17122830610
+16507526076
+18141661550
+16019551108
+16074983868
+16022376562
+19788493134
+19196787895
+13373734145
+13126417717
+16186866436
+17540494471
+18124868402
+15759836935
+19182699218
+19408173915
+15025164069
+15203681843
+17011300009
+17403304417
+15622402504
+18452306925
+14792818428
+19200484943
+18054451947
+12189572424
+18623855331
+12167101823
+16069639071
+19256774301
+18010285892
+15740787567
+16576381451
+16812564722
+17863661378
+19739236433
+16181713174
+16167620313
+12098900371
+12728875817
+17575343174
+18189981296
+17046924234
+19150465498
+16203536857
+18168062576
+12124918578
+18030779964
+12698069742
+14126985953
+16303842554
+15156428279
+17544159456
+19562957910
+13211179444
+15703026105
+15593630069
+18473186709
+15015442026
+14301813434
+14427807779
+19142137126
+13096330612
+16141007556
+16164145418
+17728966211
+12031869965
+14195301064
+17570219842
+19253137393
+17755183162
+14129560723
+13024494324
+16574152152
+18124509958
+14072662885
+13016012943
+18122926542
+16143606783
+14588794933
+18286918128
+12530860124
+13465600210
+18723361413
+14053361665
+18622009614
+12564577932
+14401769683
+15205859313
+19521709962
+13470910380
+19561217148
+18034840836
+19011741019
+16095575047
+15052736836
+16895856113
+19401305164
+16675134549
+15803421546
+15417231356
+18625126755
+13028284273
+15342846128
+13399421824
+19843647398
+13394628385
+14750486584
+13040915592
+19598797502
+13253272113
+13475275340
+15347648932
+15754926499
+17049002625
+16260678802
+14809125011
+16468881726
+13146690732
+18155657924
+15179121338
+19405383117
+17039967598
+17853505457
+13258871208
+14439637222
+14251973594
+17065858121
+14103628191
+19801214843
+17136592378
+17251241742
+19295162097
+19716769616
+12078539573
+12243786286
+15706618362
+13146267144
+18583716591
+16577162693
+17749038048
+19808110383
+19148473631
+13214596475
+15644037175
+19137560467
+19016663630
+18108839029
+13124614654
+14098079685
+13169553318
+13149661091
+19090414822
+19316076716
+16612779146
+19726955767
+12764218999
+14803105500
+16201651391
+15316091509
+17636041861
+13103410542
+15097276780
+18060344754
+14844187238
+18285272523
+14340221524
+19722442204
+15745439549
+15390558310
+16823927629
+18168691127
+12081760915
+18450065296
+17639865554
+16781763967
+13518795135
+19075161951
+18154801498
+12020230798
+19197553139
+19064276885
+12819308957
+16129402283
+14093939948
+18051042194
+15187330195
+18480799402
+14424420996
+13863863999
+17470138027
+19373158691
+19250288754
+15637990956
+17128745221
+19019319013
+13122303885
+13858604488
+18016856626
+18628567718
+19364923774
+14132326294
+18607719061
+15734405574
+18455007488
+12537037698
+17635709031
+12015199839
+14425221919
+18567447936
+17341807062
+18147285417
+16618885930
+18120559627
+16053591171
+15402163903
+18057358521
+16578015716
+14325063750
+15612733876
+18037374561
+12028338455
+12708288220
+16593145863
+17758062912
+16369970079
+14129130543
+17347746462
+18288024477
+13154976283
+14023553861
+16084334296
+14433890492
+15399922675
+13363419510
+16030401044
+12259931834
+13161063289
+14043919415
+14135330455
+19894940656
+12484579056
+19140059684
+18123872090
+15647077596
+14054578287
+17135710990
+16080369967
+16309442814
+16898448811
+14309535993
+17625516680
+19182870504
+13463297064
+16232410895
+19897558237
+13144319408
+17860640596
+16609265352
+17271408291
+16127136178
+16519461449
+12247731400
+15205700356
+18385782802
+16801742015
+18325922559
+12345654916
+19073771729
+16022229953
+15739481924
+19047521979
+19067159084
+16593900116
+17579583702
+12053259026
+14132334901
+15623267053
+14132352430
+14806195851
+17060350450
+14018957244
+17329362781
+13130935452
+12251026443
+18709938210
+17259738631
+19259015396
+19737185429
+18103049851
+18432117325
+12285399810
+19299255182
+12193077233
+12397698631
+12039630121
+16678462534
+15755175181
+18012083747
+16066020653
+19891938604
+19380855163
+13089350867
+14754913589
+16361539614
+12148760883
+18082205930
+17470503548
+15611697192
+16461126700
+19547578404
+12285570822
+14018734875
+19284773370
+16821708474
+16893392249
+15756915700
+19850186524
+16622669091
+14755723444
+17073071547
+18639437140
+14069453623
+17544207687
+17795830709
+17547828014
+13474692021
+17744141733
+15614780688
+12691544911
+14706721949
+18653860523
+17474401772
+15174576546
+19283245349
+19202458095
+16076742679
+12074840766
+19730196117
+14849978850
+14755463953
+14258688474
+14254741147
+15044489998
+18318477737
+12251930364
+12138178760
+15616041337
+17083583783
+17033596213
+19803330294
+12690751155
+18300870459
+14306778915
+18183740451
+19017176215
+18135850325
+13472119920
+18062755068
+16033474386
+13527438806
+14133898978
+12535763361
+17811839169
+19541761017
+12038839963
+16267579609
+15857078359
+15128707119
+17631988709
+15391593484
+12157964889
+13205055586
+12166207577
+19282710951
+12540177076
+17130257398
+14304226746
+19104913702
+15346590060
+13477720847
+14102480531
+19732610871
+15313094193
+19162858108
+18451407393
+18158830884
+14707643880
+17190205981
+13231438436
+17150244572
+19342831833
+15033112600
+13160717800
+13104995117
+12514064365
+17370525298
+19704653656
+19076745893
+15027565800
+19843412908
+18485543939
+15158346472
+19108169292
+15396002150
+19413107092
+17868833954
+17037711138
+14048600344
+15345840543
+16603035744
+15516457445
+19381489513
+16162524191
+18560661163
+17700557354
+12092432386
+19496784517
+13031155715
+19154281974
+12480045962
+12693616783
+19031772197
+17572047246
+17129868521
+16894180866
+19166996005
+18632059718
+17196073453
+16143371176
+17603137228
+19890573646
+18487930090
+19374396088
+19172484356
+15752628949
+15021828397
+13093559450
+18704832526
+16368766778
+12480225734
+16021445181
+15056822466
+12100782634
+13071775221
+17371690717
+17702793714
+19383111908
+12768842448
+13035294108
+13157709643
+16286502471
+14325878190
+12299644440
+18088354061
+13190689401
+15752872895
+18322179122
+16284197427
+13403785013
+17179890563
+19790598702
+18051602931
+18081477010
+17080246562
+15080647177
+13092244743
+19107040174
+18308844519
+14400228278
+15090461351
+18321844662
+13209790681
+14090084066
+19529973555
+14327186818
+12294396320
+18109482859
+13400439943
+17434167635
+19364436608
+18503571000
+13513163246
+15719141059
+13375048453
+12390591173
+18484801773
+19593888804
+17048689964
+18502796103
+13038560280
+13120898059
+17252635278
+19256776388
+17401434928
+14126469317
+15085704992
+14142826782
+12132924232
+17858415520
+13075837568
+14409522236
+13860925807
+15180350065
+15754141879
+16197009092
+17279496475
+14144639998
